20604092
11448183
9633533
29528534
29772142
26623942
36009421
5915856
11353896
24761154
11996174
31153831
4300418
10419077
10792038
10628777
1072373
26615659
26600932
12409066
36151270
31751930
6795113
20433908
18821340
31156816
6471697
14543900
21618909
20553214
20904045
16672517
11252861
32345990
27667647
33559533
5007743
35516437
35962988
2172156
23454846
4058835
24282238
15858518
33544694
15698879
20018854
20713032
10594195
21310527
20579729
35987606
26726624
29024029
11220896
19576505
9678161
20581194
7082486
31196941
20694087
23128940
10972420
23435357
27064671
26687336
1094668
24272584
31690131
26283021
36208311
32505827
6488515
21038272
5181423
31348830
21132951
33459944
10706435
34525535
7876902
9889964
36524453
29004995
8437284
5392217
5923472
35618397
2262277
8889869
10345537
8743599
7566281
7567438
28066754
26876259
26013008
31149313
34563800
10700127
22145673
31636280
28275468
28350035
17884388
10999615
23467297
9573761
15098346
31210251
32098888
6426246
23593226
30710263
29865278
32151115
35041105
35790655
26206182
14602109
29381531
19898489
4966576
6768793
5177364
31197003
26783712
23703779
5177163
9650057
26306593
23865315
22021525
34390034
26614442
18562918
31187940
35211787
34584668
34961787
6701473
5378148
3635024
7335167
29574385
5361730
7334748
28557848
6767900
20562478
30816196
8993821
35408293
35556959
29381751
16364045
24641171
19155069
8726643
25058532
35581611
34053944
26104950
11256259
19915414
35726787
9577780
31156267
20663735
35065476
26953381
34394403
8991907
33002605
12177593
33215415
31446515
33215652
26431639
20904652
29733028
20782127
31939460
2349235
36057884
12065528
7731039
8770199
34666140
25905642
31338636
31156164
5008724
25495137
34671186
26088981
34670927
517177
36267458
21888630
6795118
24969779
7235995
33606762
10700644
20581320
25924200
12612167
5612517
23495402
36025071
2411122
23758269
8181039
27253748
20903274
18004274
15877215
18544488
15311450
28260158
16355097
2651593
20903296
2782527
28512680
35259179
25131366
25434917
35882314
6763625
20902941
30856194
30638543
26735672
33341723
32698807
35004712
35066141
4605877
20336936
31156468
5274269
11353416
26231758
31384964
36461055
31155630
26005259
15724834
5945009
14050402
35517036
22124534
3478537
35584608
27850628
7334454
29381935
10599593
5249887
662746
17565926
31156843
3260061
18568161
16850955
32661656
3264802
32189501
35140281
18850187
35940098
31087548
20579723
36057870
10636802
33944586
13517427
20902981
16490854
34428950
5207475
20579784
20903033
20902964
5534117
14760023
31155429
5089524
35601805
20581391
10892704
4023052
25713949
30674
19399445
25119867
25697925
23140704
5865108
34785727
24650409
20879433
34796375
22140149
20040056
31156190
31752698
5778040
11007979
12835282
1941762
14205956
11143087
35754579
28899929
9169267
11143092
32679329
35378761
9285865
34387213
20012069
18535585
32068501
163500
31155301
20470928
31155514
31156983
14840961
20479465
10640935
11142163
10640941
11142170
4852050
4851596
24522784
27264955
20903138
28378098
10640931
11142160
15464779
5032246
35535012
23179561
23201532
1829909
29245287
20555320
29381633
10791836
10791838
9691493
31390744
22084176
7529510
10638975
10791833
26798232
664402
25899808
6583033
25495469
19271200
4625048
20904322
18540622
25112574
20288451
14630339
30864515
36057877
31087388
26730444
31155353
35368665
4956603
33215731
16167607
16167622
25535815
21028695
18849333
31155211
23120549
24185289
32580654
17176511
8614335
903140
11086287
29151231
23899512
10871400
18891449
4626090
5916161
34744241
31155730
4635580
23487599
5767035
7352252
36025820
21534991
4036425
29830825
19744451
30523147
24873579
28444123
20904110
31087402
6882738
31156204
27320664
12715828
21020059
7193964
2360074
14841268
21103650
17444150
14069890
11335429
17030868
19609512
13232919
18935404
16179528
16179520
11142400
24468896
11143271
31153787
11143268
27728090
11142394
8614238
6768671
9689645
31156975
28058714
25527519
22099425
21039177
10289905
12874575
36161222
5949974
20903038
20903348
27301153
34356099
36359227
5589600
26876859
20902936
22868781
21426608
9121945
10190365
5433016
19286257
26161289
34366102
31632714
3126164
11354327
2682493
34253637
9311494
20581342
21885119
8921364
26772297
33427517
10702582
21885714
17274239
23001766
31155467
22752021
19141239
14538458
2853254
20581289
6767366
13915018
33269085
5627716
23806960
31155775
16179691
26511699
26364529
14946819
20479601
26655950
2909975
31521717
34778156
19271338
15479813
31156443
7443488
5654739
12332323
13914496
22903422
26654233
31653063
8843403
5113395
5369620
18393490
6809638
20904399
17225987
8160070
33002334
20903099
25034749
3910693
9265053
18020979
19743904
23967551
20114060
26353271
14538149
26736439
10620078
25524572
20903002
13048987
1460724
10702493
19286225
16166535
11151781
31157097
6929736
34624855
11217759
17867578
24835734
34759647
20431829
10139922
28958874
34621493
12186438
25446751
31155239
34699525
17484937
11518141
19853432
16168143
2359987
29857599
26745434
35150726
16168156
31153507
31087331
35825573
26785247
15579421
18004913
34397477
19286139
33301193
9678739
24386991
34954982
23435148
10331785
19275224
5348774
719000
27149347
33882588
642013
28791104
20903211
31934240
5207807
26675487
20010433
18849336
25975737
31156832
17176499
18849276
16167311
14923841
24507227
28795408
10770994
26373339
30863085
7870782
11143247
31341366
11143256
35151591
20922939
28403109
26835108
23098451
34191227
1765948
14825379
35493336
26468011
30994952
15274957
15714214
6715844
11868578
26469143
13232149
13198624
8249745
36241694
2510608
21902367
34164243
30331632
9543768
21306748
3077127
611432
6635409
10791992
16179846
3384689
5884748
31155797
36059913
35294692
10641044
10791989
34988305
23799090
29850091
17687304
7906264
31087585
26601914
36027636
30108381
24898329
25434120
18849356
35208152
11143228
32036016
10366448
10196402
34404925
11143231
11143233
16537906
11048011
1552787
22870525
8714658
20903189
32442607
21132633
20903265
16166225
27206870
11141640
11253503
5181141
20837828
17886722
16167785
30531435
20903254
17383769
13522642
10640380
24898340
15912300
8813317
31155777
9851844
31156893
27113348
32000219
23581277
33625220
2411513
10016800
19396265
10774494
29472242
20579732
34346480
27305615
5179089
21937903
28887962
3676293
20581144
12300854
4089762
31486572
11943880
25627690
32454429
31155564
27843485
2506344
26408134
21296334
14304637
12873578
9211365
27984363
34356357
35474411
29495813
19752996
25712908
5090209
6768551
17975732
14054382
19845006
17175786
8614120
27848502
6768574
11971843
7180621
31153760
12274116
26964838
19985337
11142774
11142787
26665753
20581104
9474810
21952080
18299903
26513341
29153320
19485792
29528914
33002555
5170537
7601089
32007358
15215908
13104745
27874763
31737525
14538266
12254104
36295130
32199846
9162935
7541099
34977626
5996232
11624958
19246546
9437838
28976731
14719302
12609759
29415028
35034881
11142726
3946762
23674693
11142730
25157043
31153504
11142723
21592734
9667991
15662745
23688242
15883386
12686515
18567616
35586499
28675552
25429292
26731539
10658806
16128699
19287252
1793072
14830015
31341418
15569761
19271071
22754336
36040102
7581816
31156448
33002570
5352769
19396361
6958567
31156264
21756406
5243411
31155460
31156960
34666294
24372734
31156135
5888613
1334144
10700804
18906738
19259000
8916073
6267056
10640601
27149290
36178446
10639481
22899710
28973039
27160663
6853616
33002599
6005439
31155015
13386113
1812196
11864625
18002243
21159898
8445307
16366907
23451023
31882143
20904600
20904170
20581262
30008370
34825881
32137225
31153817
15718938
20935816
28212300
9231192
17864075
11141914
12611336
10620699
12251041
24397761
32098506
18849330
31155805
8423977
16166115
20288060
16166129
11255321
21792217
20903208
1389571
20904621
24104388
35248640
14271357
29341219
7276672
10616333
24289263
28189517
10888233
33215685
24868569
33248178
8356657
9128822
22302454
12244847
35799840
34224398
23591232
15103801
35013515
20581123
31773414
4522539
1834411
8848174
5170742
6320890
10708609
21937082
23750621
10792067
5042887
10792059
31155682
11964824
19246781
21869986
2118149
34337962
5273926
4170157
24873475
5230175
31672644
31155611
5696805
11143161
20581095
20693306
17918821
6654331
11257389
10637370
11749807
1795280
26653768
32036291
34541294
11235553
13263851
35571614
13951439
34938966
18056742
32632423
12576364
8235569
1834754
31156591
35135550
14829728
19549905
14836925
9678000
31465007
10320053
16167999
30861585
10815416
4851294
16168028
13580540
31157150
7237349
15416641
31156217
35459240
25510256
28898826
20378797
11140557
35333489
34466900
34243460
10595765
31155684
25899488
34709993
24620773
5467991
36079583
3961314
31912785
35204352
18363356
2985951
11143111
12719672
19286281
5841787
8231128
2748232
10699255
12897402
35437080
31156139
28276100
23591229
7681239
25209676
29246582
27516539
24698818
31155439
25921824
1729455
2777047
29377677
26534182
29573383
20904360
19843417
20904622
2223585
16168117
10418730
10700014
35910510
24240349
16168133
18361276
16168127
17968290
27994625
33502406
23378076
2051678
35408180
23843742
20579748
36048426
19286235
25487856
23795974
36096573
6748447
4709385
6852771
25348721
33508913
5887372
23440490
33355085
10938786
26409033
35890925
11047814
23502201
24126969
6842089
25223371
4024830
35107662
10616876
32199572
23580343
35386921
26613350
36548689
31155634
24615533
20828775
16179398
28427287
9522001
21980563
26617962
35969664
31156261
9667601
15662922
31156836
8677471
9667585
20581098
26600812
20904363
36102018
7666941
5916068
12417229
36188876
30640107
25993366
24253128
26489700
27702708
7194312
26987591
25112246
28725374
35617134
12112868
23033300
18921767
29413896
31156455
19286321
23392397
9311405
31887851
36057867
10771975
22759895
34782933
5243087
10028549
6475757
19259226
19949537
34023246
20902995
12562361
11143178
33002630
10640770
20903059
36408392
34825549
33799734
13243218
20903237
29540683
25544716
18362512
28080410
7426998
5250079
18849334
31156184
14001518
31156652
10285005
10368347
22623307
36178510
19859274
17176730
12099919
7862331
16673963
32254946
11286804
29525315
29353909
26615786
36278733
6701441
32075870
25958067
20579753
8809789
9034157
34323277
8782644
8523232
4486246
35924273
34324376
16506768
4569398
35774926
2852303
28835025
23273173
31156481
13914814
31155807
30524633
31156274
14810742
13518788
20904586
13212232
23795261
34405656
23192449
25232106
11140865
20903268
36150394
24603817
19897850
20620714
20902967
32098137
1972783
12578919
5467884
31601544
11052656
18540637
2124810
4627521
9704122
19609403
20904187
27475672
2506530
6774970
25825341
25751867
20904003
23214102
31156698
7597656
5115147
32171599
27163531
22318172
19286310
5340151
4984630
21850374
33215616
23900668
33732449
7520173
36096361
33921745
21081380
22031823
13048303
6809438
34624593
27413039
22783772
20581428
18279525
20727580
27430676
11270618
26295728
34521467
24710617
8355455
14481618
10394241
1634239
8541076
31868973
24235184
11143107
35270704
35573535
11143102
34290726
20904222
19444214
25690412
20579778
31153845
34709971
2922151
28866199
6795126
32550044
29816420
30415422
29886492
20904130
34420857
31156575
23434941
11437460
25446285
6954825
24328800
3050420
4980413
29309335
34879063
13580275
29550893
36252302
9035329
12218024
26652107
10792112
604444
10640909
12908555
35951551
15758048
2151087
35436294
7182247
9489056
10640919
12261563
36351128
31156463
20903375
10791829
34387127
32136647
4125255
34809788
35234888
20593654
5760640
28918473
2170497
21405703
1793784
14863535
15677738
20581172
9057005
27160764
1765978
4567908
35851176
21464946
15831116
16490829
20579760
20904616
35599692
28276208
35815018
13233387
25614506
6123113
15383895
5006100
35899727
12527035
6641186
34252872
26613411
16167575
4980242
20904642
20661884
20904435
11141594
31155026
23591227
16167585
15101415
13915114
7324939
4259508
31156245
33425667
35312720
8807172
35484511
5872569
9514127
13635649
20579791
6852645
20904667
18372339
31156661
7497572
2748374
32430967
36024755
24062674
12319780
5767879
24153976
34420824
11176488
28492772
7831942
2977550
8250538
5360824
33417162
26760115
27087930
14827370
13687674
23487733
23967515
7567194
26996202
18849366
11335544
10647221
28107458
20259767
31155011
10791957
2970602
31155686
16179581
36214225
6271726
13517240
6058681
7999852
20151063
29550286
20903306
25320750
6947418
29146986
31156617
31156215
35258994
20903449
35485631
33215606
4409932
20904377
8476747
34395954
32160178
19283524
13029374
35516683
6809379
11051467
20904138
20579750
31156582
20607769
29590404
26709220
22128743
33002510
20904229
29141687
2853320
35289719
3900596
20354398
4356664
26183511
24490519
20903235
30319579
29280904
31155228
10777054
25091705
10872127
22016018
24698082
19270180
20581292
32157917
34385739
35281447
2038132
19998520
11729093
6099156
35484229
36088140
11175737
20378607
32483016
34875297
32014207
2170538
22182244
31156181
5124302
4488571
21133178
28925509
35790654
14851425
32334060
20054412
20903324
5907726
27856740
20581052
11410391
20904183
17489502
27908048
30654384
19872306
31153847
24646299
29112615
25654231
20904212
16168330
9473825
23140211
36060168
33215640
35485634
8087835
29550132
2994151
28396226
33626090
24479315
33633806
34014606
28898900
8632979
2557023
35879715
23749706
19931021
9546734
27373070
26497775
15083715
26623113
35602937
4569027
2098445
14770549
25007338
2918399
19716141
10872497
10618415
10811085
21579836
33002479
8166078
33914335
18552901
34655608
25348508
26160725
31155869
10774223
20903080
5614464
26394441
18849289
11143045
19713461
3607757
6809433
10731314
10190604
19174305
18362789
33002645
35032159
25496071
26005066
27138287
10779287
6569213
36046439
24327307
25849164
20904630
14517173
11132239
28300499
5921096
31771431
22488519
11376173
35879744
25159111
26382063
11104554
9730374
18981304
35385962
9948022
9339569
7749813
31156219
25398295
36068268
18901219
3558237
10640996
31155868
10638889
36381339
23143530
4457586
31156189
26038744
31156557
10706032
35395242
29769807
32161398
31156224
26172077
11141604
31155613
20903091
15022751
22541211
30508218
27045661
31385998
20904348
19714168
31149037
9167041
29816650
24582601
26015028
21621727
31087559
21219896
13074006
20378552
26427667
15879495
23139830
29130957
36106741
13035093
22332205
11535972
21703124
2098557
33216214
7319913
26119173
30086970
13001345
33668298
8356285
19609298
24443524
21141408
24120424
21902842
17214118
1609520
9286198
13356064
9107926
31636641
23195768
15343180
28305410
20903223
3384976
24318707
35457037
6537640
10999486
9629572
10595471
9109203
33215698
13578633
26003499
33215509
10405904
29395410
24467898
3888422
31156478
12232824
29381343
34645662
19144344
32558428
31153537
9024820
19985309
20902958
12320256
33215355
19518500
2150352
30073483
1759292
35248573
3254614
34429476
32496356
29381672
24117367
14538351
2105280
30805709
4696443
26307709
26693031
27484917
25563962
20767875
17109428
34489023
2197752
22265300
16167398
24478633
15662770
30613718
31155702
24115698
34456228
12008306
30245575
29747644
25098171
28978641
33002544
11373163
14838516
2776084
27328786
14138235
20553594
26282445
2038244
26586731
4570449
3038177
35613111
20903216
26666339
17192514
24229192
36420202
21405011
28070130
31155277
2095441
16035558
6080251
11521166
20581379
10702360
33183125
16166652
8034072
27379561
18020900
18383385
18895115
16166191
12348113
7440211
34407189
27848748
25952352
31156123
13180169
2775082
9265338
24043483
34389553
6954778
20691371
35226792
6894813
32029122
20581365
6963236
26616774
20903190
28330018
12254261
25914703
14920488
4224754
26305587
26049282
30712507
11943293
20696203
32648655
20904126
13075853
13631613
31153803
23092641
23320753
4569282
4944730
21787356
22093148
20904071
17521789
26860709
11972180
26145440
20632191
22139823
11141891
14562213
31428143
5888582
30207145
20903198
3186031
9678335
36057887
34663624
34665908
11083630
26281666
16166464
29309925
27345712
18710930
11376637
7950561
12370259
26909372
24557896
21981175
26705987
20903328
31673401
10550235
20110015
3728120
4888602
29261249
31155571
5936011
31155417
36045451
8645960
25918824
31156682
12354998
24176843
27009228
27488027
3202945
21573916
29753473
24179083
22211995
16697504
20591589
7189363
36383569
10660190
25348662
29415191
20195250
26035123
10772859
26332461
7586065
2586953
26013626
25916341
34431511
4584458
2679774
10641137
10708743
24628048
20587670
35581981
10791971
16871052
36195233
15063943
4555159
6034369
26304324
10791980
31155445
7869288
24751335
26208838
17226530
35765318
13547354
33010248
15451313
5656694
19270772
10641282
21408841
10792033
23751392
33002475
12690499
19571697
7905624
36161296
35003627
33406568
33513425
20581131
36316742
34931384
29802333
31087569
20904193
31156126
5622643
25546496
24873731
16166370
452313
27171352
35601012
35562477
2819679
3675194
16166385
8919382
20581409
19486632
23510371
33599475
25345285
30662782
8602796
10965647
20903069
31156942
26802520
8671328
16178853
13111116
11151489
33002659
5712265
27713413
20579786
25420188
22265588
8634248
21671305
31156343
20903357
5267049
24550060
10119452
35805358
23947215
7548801
24634802
31140923
20581112
32920652
33216161
34995217
35040850
16490955
6326152
8053331
11143089
11344266
21574029
29800724
20904431
33543951
6904082
15926836
33375064
8099378
22542726
15377869
34286225
17176462
9034031
11057357
14479942
29077073
14854126
6301209
11337163
14529906
21872866
16407545
8949170
18623322
31155511
26599859
17922906
16362240
35413818
33215502
3625574
22114872
20904181
716924
24349526
11236688
25945167
28006483
19996534
4971356
15210593
32710910
19246346
33625253
31155387
14730870
11374179
5389888
8723567
27956755
34244761
34645812
32105474
34253238
26587696
8422674
10791913
31156978
15757337
14618603
11142696
23049004
19998244
11142691
29900463
29948580
14344031
26407239
33934589
10628994
10628977
9619027
17889669
6739637
14631619
10367181
11375668
7535776
20902961
33075056
27341884
4851414
33215647
6102569
15569792
30831475
35367467
6795057
4180523
518117
21714757
10417862
24165554
18459346
20581083
11257726
23787983
15962521
31652440
35475258
9247802
36225757
10791998
21062952
26022636
20903309
34253360
26625210
5654660
24236812
29382004
29740688
21394229
28192699
8560589
20904202
30208772
35246741
20581330
34246742
22755185
34220997
12328292
28966924
20903008
11539531
15452463
19492718
32361431
15280636
12908045
31087395
33192771
29050251
23141260
5734151
35131540
6819266
33068721
31153503
5179763
35238966
5517504
5020340
5855933
31155308
31087579
2279228
25493478
20904672
5768034
31156384
31156794
4671604
13632911
15896980
31156293
35248760
9043017
24445449
19286405
10617974
36021107
20903445
31129842
5760732
10405777
27266128
11373457
7077690
13914278
20904688
17727825
31386439
28275559
2428475
14861958
3459677
34759753
12761868
11040373
16489330
27913819
27067663
24489244
24351447
28367834
20579746
20904353
19908244
20579730
11779229
11373959
9808896
2506456
6004920
18317315
20903066
30033566
35799385
10707025
27067766
31563790
8993730
7794617
27813251
4884523
9492034
36524272
24603977
10792027
7463777
20904269
19270344
10792028
13144048
7514906
5916229
11143134
11143131
7580945
6640052
27175946
19900467
11143128
27855438
28158638
21435933
31153546
20581117
10774037
18729384
8688768
28933121
3848688
35654726
26652800
27628976
5001692
20051217
21205985
21062039
24999963
31552848
23609070
31153555
3593930
29549556
15769706
32020458
11142347
26611951
24281921
20377807
11141646
33184442
20533089
10640970
6795062
11142188
31156803
9728610
3339851
8888296
28946855
6415441
33865580
31155834
9790786
32269237
7906835
23201395
10792128
30860806
11140642
12908588
22997248
11136465
11140631
14849115
31912734
19636496
35614043
34733330
4662487
8570876
20902917
18849277
2782570
14572142
20581311
15700720
13626881
26809513
21606896
25338519
6809403
20959867
31930888
29038154
14862579
25111940
13915265
11217842
33010871
26998763
30722021
17640429
20434005
34747503
19609453
8102911
27319440
16166233
20581352
35725572
35068740
8660363
35067757
6003967
21960983
18545794
3615779
32182396
22539578
20403544
26523323
31087332
1205729
5261186
10619482
21216680
36140335
31155297
6202446
31155023
12457184
28318776
35616883
3676388
10771514
15451897
18296391
21637675
31156775
8017813
21186590
10044747
12234896
35394059
9669604
26759151
20904698
18661417
35083022
18849369
31156800
35485635
26025529
33435792
19200091
32269409
15661703
32191033
7906927
31155791
7489472
32761945
24644162
31014097
6608849
16166532
12536484
35106307
29016432
29016277
19985540
32537078
17181725
35911749
5178822
19149088
13578324
6809387
19289204
13291318
20579765
20722483
9311456
35798690
36284183
18703865
20378732
33743708
15558139
21655117
17030343
15004264
7078351
26359275
31731361
35182078
13705136
34254378
28557616
12253731
36057886
19596986
34296753
31211654
35044406
16054110
26067636
12567800
35562603
20903332
20581377
34901992
33002417
15041008
20950152
20581284
29733563
20903329
34275808
20904594
19015856
29884029
32250175
29901365
15705596
14538051
25339461
29697967
11848017
16861486
6715920
23877972
20378424
12973724
3011301
6465972
24064110
18362670
10618209
20904358
34322568
26207769
10776705
20903386
20581373
27125437
16861768
24261120
35372452
17475562
31772080
35217560
5873507
4195173
16168362
19929867
30523766
34253515
11320510
5108489
16168372
11376768
19286442
11392064
25917921
10638177
10327683
9789564
25381381
31100425
35790650
17604448
11141769
33567266
7138412
11141782
13267586
29480522
4071411
20903414
26695384
12360053
33565978
30864791
35625635
20904391
27405886
2241614
31156886
25802262
5995771
34787508
35784548
33002398
17618251
11257151
13226815
6249097
28190801
21548899
26143793
35255529
36096212
35516515
25901276
6954675
24481168
20193934
10592638
18382292
14853134
14538576
28335578
18975264
18139812
10956510
12656879
20904301
36297167
5747371
12276040
31153849
30462894
3811830
34796292
25940830
31155874
21021592
28021622
37476824
21589800
20581031
5522723
30492267
34257637
4510764
33723973
23110403
28795025
11255555
33314206
14945618
30747443
10791847
34254663
10791841
24268011
35247265
26513602
9226524
15677758
35372426
7681861
10197031
28888446
6739865
5656662
23757301
34987491
22994526
25058379
5006061
24283702
35536369
26561332
36087549
21394464
25344650
31155256
16167639
10658708
36377688
13293808
5734299
403051
1325092
27907826
6429872
19286380
5915777
33513288
8288529
25049137
5562511
34404625
36448195
20434169
6795132
27488355
6839657
6640066
25943980
2360178
13516269
6062060
10301392
8579043
26849238
20234472
26666439
26704742
10776142
4259578
14183099
32493869
33931510
36025962
29640756
31155202
29100093
25456496
35036246
35592119
26636619
11142410
10572944
24582349
18640799
11142414
11142403
5222403
31802504
34012751
31155435
14357551
19893940
24549940
10938283
35621965
30861685
33002534
36437336
13268401
6795134
12243701
12907695
20751481
19490289
25145506
25479657
31157152
33002512
8077187
5696691
16558535
2095475
7891946
5731328
32724604
1274420
31156590
26162880
11143260
35892897
34366855
9143511
16991229
15752432
24653753
27707994
18900354
6014837
27719912
13407047
16179604
16179608
24838328
4747302
29028449
11945073
27858885
12317186
6574608
25475517
21369620
35298627
10777189
10773864
26408992
27631682
20904264
27996184
31771934
34352596
32609782
14767600
21394906
5242919
9890394
36359454
4692894
31156352
30726799
20120174
34430499
25998588
35912502
6961860
9614095
26674376
19787114
35759185
11337560
36297360
15705814
16166591
11140687
13180097
18760155
28170700
17889548
5506192
33286012
30957333
26015247
25446832
35515238
13580766
32397010
6386652
34026052
29052102
29054588
11517978
23435832
20903047
12498208
15083754
3287871
20904637
7889520
34810162
30437939
3117056
20904403
33788078
9668226
4843251
1301663
35828396
20001210
16490795
21019146
6748794
29687012
34977675
26680305
30217722
10495987
29496149
27817644
36136594
5349196
6025381
28145330
34153889
20378758
35436084
12788402
36524274
376920
5536031
3729190
8379307
33002407
25545810
21022116
35375270
35716838
23227951
22989558
26615730
31341388
9540571
16702881
852742
11374091
36165939
23591216
20434247
34164539
32136799
9111772
34655430
18002657
27471906
32669239
24794232
17338532
12244472
34440169
15085872
18342971
26588890
24473861
26244363
18849344
18382736
36475926
31156335
25575072
10777303
10791987
20435658
7660519
11796273
17987447
34913482
28531923
4253548
25435076
36384561
26950647
20904523
9306380
27687546
35369721
29138100
27415208
8993240
26730794
10791751
8297949
5574573
20734302
2852763
24554955
23740170
11143199
31197246
36200448
8625061
11143207
11143202
4568059
26282276
10572195
10723393
31470322
34521913
13772818
16166271
6705113
25940983
28632743
18006073
12250650
20904084
20587105
20581158
16166246
11944018
28577417
4278708
19746093
22642090
13402244
35516769
16167808
35634057
15945620
31153567
17853465
23214188
26823691
20903086
21021077
35814606
22629986
31197331
24636388
32259041
36033563
23502908
28020338
31155408
6844520
30656210
10984050
17746685
13459599
11767370
26189594
20581179
21391687
36427345
1948742
4626310
12516424
33002577
3405788
5974420
20904056
23409969
11664293
36148002
20904577
9633312
35527226
31087553
6012723
27323389
5309887
15183799
19984238
23933592
13197175
35095629
18003095
2131461
35147364
24283167
9619652
34236028
9858282
20904645
15316430
36226153
10595991
29481480
31156929
22016216
32137445
31156503
11270245
27191040
12254047
10301701
35280351
12594256
24798863
29119837
30244847
6592085
35249151
28147804
10352270
24336727
19437477
16179717
22749572
9522039
33002559
20904653
31156168
1973848
10744766
20902951
6858770
13104438
34276139
12654519
10629045
10791945
3509282
20675539
10791947
31156289
18711502
32051337
5028363
27906885
19270406
18891400
20903096
31156668
20904426
31156823
11545308
26512722
11135832
26207140
35617012
7316179
31156376
28887914
5201320
31156210
4277421
7317257
11122768
20117980
33215349
6102449
11051170
22114746
1456429
6639892
2679831
36057880
5907567
13584341
22015467
25433944
21408645
28758681
33820539
33435755
23499804
10726486
15485620
13180230
5989683
30471278
16555100
4853633
36510136
20903243
26950913
15098766
29800572
10639387
6827045
33867837
7922402
34228121
35605286
16167974
2314753
7843466
10686137
13517585
6117126
35905090
6061609
20903327
29497481
13631679
3245137
4186543
16514599
34489268
24188648
10051555
31087589
9668043
26612982
9083648
14640837
17607434
33277159
7192710
31156240
20581079
35683731
35106919
32189549
21875520
21036936
19175262
10640270
10782815
31153772
11977088
9886340
25469888
11481221
12688431
11320470
29540150
35195295
29540995
20433981
19286220
20903202
36292850
35518666
34663460
20904131
24569271
12019919
15312726
4746656
10852436
35755894
14700543
35003899
3906958
30808981
36435483
21193706
30865098
20904189
35595535
19437594
35154169
33002572
24828637
1773524
25304427
35514875
32169124
8626614
1324831
4125366
32412377
10792036
10640990
10792032
19490200
6701429
14029190
15541969
36024898
9425532
31155781
36098000
19026928
31737602
30789590
6021658
7236640
11354424
11143147
6012695
13761516
11143151
5114544
24604442
31155680
19270295
21116400
6099449
31922328
31155677
31155644
19283683
34224839
29381473
11536051
35260006
13139418
34663031
6686279
20978744
31156452
16168084
20149733
34385082
31156554
16168106
34648161
20540950
31156665
35295429
33185867
33135864
19286365
31153715
33002598
17287592
10640807
25112887
10640845
10640837
2210733
20903020
20904619
25583691
8659765
27877174
35581900
11272189
20378650
8223970
31156476
2748244
10699428
31153793
5162128
19871152
19372157
34264786
33493462
36521526
20903085
20904332
28444311
2467723
15078267
21249583
10703022
19286270
24147116
6012592
15081121
5218383
16907385
19143032
12290387
21607739
36079987
20724748
3893463
7613056
21405106
26587817
26404640
5841657
10436005
19570233
4947959
8962212
35571372
25427344
31156120
12127393
29549727
9939796
30862978
26694867
23956660
5170162
29213933
36060545
6219429
1922686
24409284
24557976
19270580
5090583
18459855
27137136
10890675
33215742
28723481
29130244
17874554
1056905
27136177
36208731
5777280
2654324
5995554
20903345
9538292
11625280
17844551
11625269
7829229
18860473
8977466
31156880
31155443
35528207
5512647
11270479
11142653
11142679
29051421
26615617
26049717
25502752
1353671
30437684
31505539
5008268
19854622
20581307
13788689
26839407
35790651
34259469
20377865
34810332
20672957
20904185
17640784
25966712
4658214
31087394
19652797
31155243
33002338
18775696
31155456
8174133
2853280
10617098
10891037
23152784
28577664
8635138
21206905
16070571
8844071
9420496
31156819
31155252
5172934
20674930
33215512
26808448
22811616
28192736
5090136
21176707
13865046
21829255
24043593
36057878
35226968
28135774
24720604
5846938
35994049
9308623
24885677
33215725
20114941
26307226
29753573
5960014
7526274
34808485
25211720
16816347
9423251
31155036
36657306
26220990
31155190
31153515
14838664
12273809
5246741
18849362
8160176
20581388
27161161
25504132
10620414
31153491
10722657
26916088
23920659
20705636
34584514
23398644
14519814
36247396
33215339
17179974
5879362
11218076
20381190
26114645
16036739
20903026
26803725
9584958
662329
30814316
35757391
4526503
10208176
8150464
20904625
28212897
12737417
25496382
35571690
36108753
18846859
24342730
26448300
35369925
17884583
36057875
11657836
10153657
9650926
14347179
35715425
1743335
18838957
32343064
34251609
36281064
34279327
5787510
10555625
34012255
25277019
10592815
31539111
27214582
11141747
3377341
20372296
33002691
5559264
35291040
28320431
20181941
8673987
35527098
23590769
23278047
4379279
7806783
31647083
34275179
24403195
27237236
36060103
25583720
36252599
33396161
32743606
10368026
15570371
11632998
31155883
21392536
20378818
34237791
18164989
30981472
31156474
10592906
17643352
34367089
26087436
11143098
9962683
11143095
19998351
34971219
29541354
21860736
35066467
29885413
36308227
11143094
28221890
34789588
6852733
18997171
5044905
31157064
35737476
22172240
19924729
36279416
20903299
19286267
34237533
35284066
29203262
31794326
34087468
31783825
19256523
35755831
35516891
29749687
27371970
10792100
10792098
11142145
6540311
20556628
7798713
10640927
5578215
11142153
24173370
21717797
6909569
5306078
2091487
10639107
25253732
18431691
25562673
11040532
16489449
32713779
14952490
8656845
31155365
15378432
33002401
5326603
31156892
32152754
24537445
21682038
17927503
31155568
26291046
24484283
15438742
9730257
20759694
3377394
18001963
15705516
30710807
13414003
33002467
9633777
12723089
17474983
33002591
21531923
2082397
5353344
12929755
28068147
10343102
26695373
19127945
17342778
9285798
33944920
24872954
34275556
34703052
20903062
10699774
26079077
35583304
30490651
35368913
35764246
31439778
33002536
23787399
5349098
21593765
35281429
19661965
16435377
1847082
32524274
31156663
16262270
25968481
25127200
24397165
25915982
20581406
20337153
20903054
8266590
3227001
20904682
4662218
25593267
2157529
20902938
29247790
19015106
18711572
30813829
20904285
25754686
20845844
3356331
24140460
31156595
9785975
24615866
20597258
11211366
25583519
36251111
35527658
26612083
8588373
26292425
26527102
19286458
10638611
29399912
9495654
29747330
10725408
14330182
30864660
28067339
7656319
33903477
25112888
16167288
12047781
31156258
17227799
28462837
20903333
16179700
18777132
16179708
35934410
20902976
31042915
17176535
24410970
28300006
19931072
23600255
31155438
24199883
9022669
18482188
35014185
5246514
5555266
8615648
17214002
22706480
18004401
18220881
18895130
34652152
21966094
32523821
27515332
13553983
17906343
26307938
9175052
23257851
27047737
9381862
19093155
29259032
20903043
13487382
5117194
21861929
28573373
35584428
33215649
5021251
26003458
29699054
35546308
11337448
26205838
26358856
31156159
26256737
6699914
15603446
28343790
25159359
21703884
24165507
1326091
16168268
24787503
11252217
32189439
12457331
16168247
9649668
21237018
21250632
26861455
19755750
16958733
33488749
30635702
7080965
20903218
1700429
31153779
33899575
32172821
11141868
10638321
30826764
35814405
19316784
9001861
21405224
11143236
20581152
20903381
31157156
16490753
33442327
8018615
30186485
31155579
10628838
2384000
27759696
20903023
6586251
26599446
30232525
5379346
33215571
669691
31153821
3371527
8077258
20824552
34796529
7983292
19246209
34012169
5645786
24460261
26736410
19855417
20682290
32098611
11230221
4769950
5514092
5042396
35968680
28597189
15878217
14918631
23637837
19420639
8628327
10641008
25549734
15299190
29570727
31087319
10641005
16179810
15897353
31097518
35936103
31153753
16179835
32546276
14289904
20904075
16179818
10986762
26524509
36087493
10706180
26245382
5064685
26599792
10637508
11041671
23784719
6170213
20581398
940565
27647742
5420601
32088645
27425045
33002395
10791908
23866355
26506249
10792021
10619849
4568016
20795591
9784571
30268788
32189232
28722788
36025431
12218259
16167793
574342
14840416
31156551
4980155
23536244
26694308
24874774
24790580
9068066
4277910
9683846
26526438
27434903
26004929
6810072
20581332
18813698
10182598
2492402
35241492
15099972
7287443
19247503
19670269
4184687
26063060
8356148
20902959
36059907
34296281
2510440
3195590
23591192
20581349
31155528
2777146
5090323
28343264
25445821
35470477
20903049
31153826
17255464
31156614
30890550
36083404
31155423
33117621
32756959
33723509
23533132
31155402
33002452
7191937
20581359
8922069
11142384
17983682
16179633
19593154
18381614
27020437
10700291
1471772
8948871
14765230
11142388
19742897
17470965
13937823
18488743
29530341
21038494
6005093
31156459
26623381
34630522
25211469
18849293
26078841
11256773
1679809
33301770
31155639
35779413
10774753
16638626
4780869
26550158
23756553
34257158
6684715
24367546
3415524
7182036
22714346
33447219
19286194
34327276
7481126
5157752
6701449
29677803
26297720
31153812
25729070
16639822
20581449
6108184
10419008
15662719
31156545
31087328
10549285
34881832
5515388
20579781
19533125
13104315
33002336
11142717
23989204
18470226
9698112
23397826
10778999
36108854
15662820
2464259
31156146
22822904
10658755
19272325
4317586
24902637
9514261
1666977
851645
20904612
34938619
33002364
21532083
12496033
1764812
26308243
17324251
10418044
3605117
31741575
22762373
8891889
24513554
35666553
12253961
36060252
34334094
19486498
15810661
13584609
21104765
11256435
35524432
6673788
23968034
21393885
11140719
23315198
26481708
20581312
24510690
20903263
24388866
8605430
4707517
31155504
13678663
3332816
27380172
19587474
29008008
20581403
28113610
13261540
28069565
17342560
34870920
3018980
7287661
25939761
23969059
31496522
32138141
11141949
17176612
10134112
15395273
26009166
33159887
33215393
10599304
11141955
28947153
26185857
20903252
25474608
11218181
31156247
31155585
31156780
31470403
20903239
11335093
2383581
35743568
12130717
13180264
7580904
32260777
31156498
6465157
23666206
8718670
30175355
20903035
24333629
20903439
7165631
5898233
18648379
2805992
11320437
11235620
29066363
18089114
35990410
26112364
20903044
8356812
7424613
8774064
9547448
26011442
29616495
6529514
35708730
27390764
20581334
25304210
8103581
13579154
34625335
4026106
21532286
13429005
21462091
13473149
18769534
1987419
31156465
28006014
21732835
11143170
26601056
34164437
31156949
24594251
9006010
31969018
33215518
34368040
6795090
23523165
33215352
29753689
11141722
20163110
16167745
19437810
17856539
8252842
11141696
21652487
23641804
16168067
18382889
12867527
35613078
19984296
19486532
26258039
10640901
2560401
3818512
11026652
9324608
10614861
32570744
30862745
29154165
1114328
12302621
34704683
20904519
4611613
20581068
20903442
14355683
31156860
4989705
25239147
26092192
10791854
15398677
20579738
14852498
31156837
31996794
10791857
34339438
7284999
30747288
11407916
32144568
2782511
28659402
23398669
24470088
31359825
32798069
35614725
34216319
17178335
29848114
20434151
4567787
34394978
31655548
13491480
35368543
31197106
9890983
26114902
25496280
31970809
9127195
5937490
18862965
27294000
31693866
26615611
19271269
34247405
20904191
17458139
26723880
25430579
27701232
10679031
12867966
31563536
31155721
21021037
23909373
27488403
10791882
34955947
36057874
10791888
22204593
10791886
2717390
33655206
4692753
24054967
32633647
5870620
15400679
18689836
29616771
8383529
20903055
12113134
26624006
20549301
36087627
6641217
10296866
13578304
30103174
34984537
31155218
5671546
2509635
20904663
27482712
11353680
20579743
16184187
10791898
2856257
10791894
19620290
35851448
10791891
20581421
1899087
24873914
36281191
31156366
18002340
25464794
31156623
34655947
10640685
15662842
27126135
34614629
10628894
15662868
33416420
14825911
7666236
20903278
33192470
21439313
36230218
25967802
20384046
34296596
31156451
22701017
20619915
2428326
28069757
35077990
35473056
21533692
10658719
10778819
11235291
20927392
20554357
22944002
20904153
35581784
24592259
27362209
35623226
20903195
31156282
18849294
36131759
28888599
3920769
5945470
23675245
35279558
20946348
36421828
23607760
13903423
10645970
33002688
30778326
10640723
12357969
6574466
25740208
14431404
36024020
31240702
36166114
28334061
16355225
33216194
9910128
6631824
33002477
3143908
31153563
35369549
22612034
8249978
14923177
6590278
3594243
7529573
26252728
12675477
22218325
36149275
18849328
7321868
17465882
908505
4864939
6408394
235406
25990852
35901274
24873771
9067968
16490670
19286343
31624036
15134212
11151667
10140052
20581070
8591389
31149282
33175831
35758260
19270001
31155724
20774795
35796782
5657238
20581136
12159008
15588808
36109010
34323776
20581090
8309300
20903253
22911386
35526424
11347238
9419443
20460767
34597842
33215521
10027902
16953189
21658366
16953192
12250991
4612967
29530252
5721950
35485636
8020341
19316845
3219161
26025618
30712363
35570716
31156948
13277969
28342228
31156154
19418129
27847491
36105426
23761298
3863333
11474887
7395994
14467499
14879288
26746827
30112426
22048104
10777663
20618366
21860588
18849345
15439182
6533560
11143116
2679288
28086446
20539652
21872692
10888175
18144378
26319701
35527594
21708903
30485890
18758476
35484371
8036667
34601191
19069326
11236137
32533117
18004589
31784627
20579737
30746015
232325
31155641
5304218
31156416
35790649
7484642
10159386
2156850
5006280
22265112
15530723
15465553
26038785
26437268
7529479
29415466
11335015
10792104
32038442
22114710
18001712
10792106
20588784
10792108
24282078
13728669
31156511
3969430
10791769
31153755
20581148
20773045
35785245
10791794
31157054
10791784
21409994
6030966
20581134
5382611
29214055
26469255
6701433
33002527
2425809
27380692
20904177
9191414
17435873
19248083
34453923
7325516
10551904
2528153
34420928
6057960
29769765
31630129
1792743
26692905
18104083
29760871
20903079
11787589
21267409
25902613
11217454
10867220
21406077
21739675
26588721
20581200
26157787
593127
19979352
19097311
19996811
31153836
36235164
5191715
31157162
31155822
30432988
34860163
21653681
27267871
25927269
25112884
1160958
2642659
20904008
35298790
1609543
15769804
29119494
8265956
8971641
11143326
31153769
18565134
31156660
34375489
20904419
29744735
15007742
21189929
19316977
26432074
7718359
31157048
12418337
20379432
16275299
26877256
31156307
17227386
23207948
27308214
20904680
20904416
33002446
30073138
31156222
27125366
22989382
34252322
6599429
15412308
25357624
20258894
14173282
28170828
19590171
5090736
35573121
11052725
10638528
8448870
5374233
34985462
18254543
36324764
14830186
25675819
7062627
14656708
6981645
11303780
13107779
3751916
31804616
13360823
7393241
10615096
2262603
5165771
8643770
35741274
3826681
33216284
10230968
21718188
13504616
1771770
20903341
4716139
24884138
2895635
23866074
5289346
8220647
16354971
20390234
31156788
26599927
9837554
19144521
35111043
15913451
3258336
3775827
35438297
27458197
33624349
32060913
7862294
20436082
17512929
34243123
28660054
10620253
19999060
22449279
32366425
5811284
3030953
23591205
15897180
26050726
18002503
33595510
15416966
31156681
16968262
3181954
18849278
20902973
31912076
15790575
6014184
5547391
36235198
36325441
36057879
5812737
23227673
24320136
27955204
22265189
33002340
36354625
30734851
10639715
5746900
20904657
11554728
1326068
16168286
22451959
27307887
25348870
35987641
20902945
20010929
36106169
1326081
16168302
19317198
20903377
12738767
4151247
31920775
28319740
2506380
12245150
33383581
35203262
10420453
11141753
31153526
8544647
31818034
11141762
8725200
24885724
19102889
10723069
9001270
20903451
21860614
26215143
19286251
22114753
35737702
22683298
2804212
21991871
26810356
20904527
4509510
20581361
26235035
35897047
17360238
34255287
31157186
14248045
36083297
11094452
21875985
25156916
16389361
24189751
10618760
19286409
9807713
35019319
29451676
11143048
24179663
4459597
36461708
19760969
4177747
11143063
11143052
36459739
26523292
3076462
27170572
20904589
14854661
33489050
35764204
34259689
36420900
33002413
22037332
12219143
10708501
7467873
35903655
31069911
19286335
31155382
26539661
35346870
27049700
27113845
18849295
30703058
8972061
33428886
36030839
23442464
9111321
29672146
35319301
11320484
23185797
1896242
7450532
29891217
15677743
11253386
27909190
35825940
4626174
20904583
26177915
7450581
2005133
20903123
4306160
32468604
20904273
20854403
24650339
29112839
6701484
20581176
29552360
26742680
35879795
1324717
28171828
18220708
16167685
36161830
12550288
25714957
4125153
16167693
13522574
22811539
10235844
35026263
16005026
24020423
23836989
19152261
20903435
12261755
35744840
35882033
34405021
33215545
4842594
26049132
25495379
18891587
8608462
24336583
35681617
28024803
34584625
31155726
28221667
2679338
26232501
12523221
24750472
21557919
6730730
13869803
26306842
6006572
8590427
14366779
24104583
7019460
4937583
26839828
26282515
17405559
384141
33326747
22264734
28070213
20904279
27361301
31156314
21621385
4399176
8587476
36087680
18497134
33002357
26638304
20904313
22469973
14933148
7567631
34609492
5519614
2095464
8045017
25965187
9141195
26681233
20904171
35478068
1979586
9024786
34234169
9311550
28882106
27846279
17828310
31803985
34752482
26014758
20657842
31156346
35002530
13579732
30718169
33215462
2898682
34624003
31087555
26038444
29272473
20903251
20904007
3894336
28510160
31801851
20581295
10297102
10553723
30929424
35962922
6058393
34285957
26623392
26431844
26614192
3720437
36005953
9272916
23447923
6560739
8613295
6795099
10004664
35777606
28999821
31087327
11392612
31121489
8817989
31020151
32253591
18552074
22165169
9381820
26499405
8120239
11555729
12275048
19437242
31153815
3944660
4126394
16166605
35431402
18220509
25515516
31155451
35719258
31156946
14230594
14312549
31156152
31155246
16942427
31156495
31156650
34662841
18895294
8628195
31156549
19998249
30366109
12356406
20904293
18849274
31156311
31569602
28977978
10615842
3915448
9107557
5020192
15256842
15499560
20580806
34530610
1267738
20554814
18975648
30005881
17922606
11720878
22785960
26588184
4655520
20378925
11142198
18206094
26900791
10872302
35667502
29215207
1613245
7534904
25112886
24258284
20903058
9107230
33002612
35869565
11236403
8102040
31155477
3595502
14538904
20286596
27996231
31543335
22569652
5871230
12244901
10891256
31156792
29720417
28483015
4768207
31156943
31155580
19128264
7237206
9003163
25393375
7749570
25566339
24763314
4983197
20581119
11335771
31156225
28442568
19890773
15930359
26111016
10791965
10791962
25059638
33002575
31156821
10791960
27218905
26497244
20661685
29118656
12907889
28028689
5051244
31155401
25348544
11143183
22858004
29259560
11143191
36057866
33215409
25174475
11143188
21903049
6795151
23205788
35773659
232291
20903011
33502250
16166356
31153763
6589975
35151476
5045255
2350188
26883242
8637127
5880191
24004409
28033832
21321538
34307355
14921190
13579867
6131232
7584180
12298153
10640451
26892930
7584796
16167859
31986229
12323174
36165497
26830040
4103051
10640885
22756444
27036009
16178815
31153496
26270334
4625600
36448673
10622036
27435066
35386077
25936835
27088127
34412646
4182999
4627333
20581282
7285884
10717836
31859042
15411938
4780536
35900773
25893588
26694002
5030108
4003514
11293276
29850238
18383012
26923633
16179783
16179775
18849298
5209755
16179760
12344161
21878601
35279631
12050171
7818551
20904670
8355881
36057869
20581140
18023592
33452130
27127915
33216306
11354220
12128552
7558804
31156497
24759298
14620685
20379334
32136949
30018850
24477995
6639909
5148210
20163502
5986084
21683540
35205034
35333599
27812672
27218965
31156358
9022217
26810531
20581274
28056519
8562048
2614244
8273214
16179754
16179758
8974603
25964824
10418324
2307251
20902991
2853229
9667639
6764111
8388648
34555605
6003182
5350092
6768266
22161955
22196591
20903338
30839645
17435954
11137167
20767175
27381669
15495681
31153734
30635974
31156171
31155496
18849375
1644867
35815902
2213107
23471745
20433937
7749681
10658731
29650885
34661106
11040052
6575663
11684047
5974081
31153749
32281762
7032360
9573648
31156656
16166681
25440524
36080107
27302715
5377233
28773683
8770363
22087546
25951555
18334555
34736256
20904267
1629631
24583533
33002345
31156558
274258
5179684
4877390
26890941
34428009
24764062
20452234
10596382
27844598
12911103
23179688
12599417
23715097
26834075
17274206
28731928
26412737
36096698
26666832
11141967
31824067
11141964
6070722
11254779
34500764
26434087
8252596
4368446
33002601
21492307
5722084
28115253
10639796
7287310
34252688
9993539
33002652
35471893
16166210
18906532
7598645
925503
28835139
21073588
2792590
19944246
33215436
36344689
26735228
20378778
27613748
19286274
10662963
17757556
31693868
36287881
20903317
28925794
15462053
10616523
22729991
12655355
10111917
28685424
6661682
19714616
17489405
30515944
5374593
17442515
35386317
36083439
31155028
24128069
9542797
25493176
34371686
36360380
4582680
20904428
31156253
8103733
15859061
10908213
2508699
30172970
33800417
19286537
5909614
20691181
31217265
20904136
18658944
31718571
10792024
26868913
20658736
20217753
34324566
23591234
7832996
6316702
26615635
13580889
9005101
26562571
1413739
31155223
20579775
28193880
11143136
30536216
11236228
32715601
23654077
18002177
11143143
14408433
1634280
11143138
28868705
4745376
7699027
26482542
20581310
6795104
32034910
35790657
4884663
20904309
33002589
20581459
11536207
5356013
31138439
34237840
5405042
5690313
28094170
19812190
16285823
15439130
31156648
35742920
13915390
11624345
33568157
15041284
31155819
19286149
31512763
15462142
20579749
7317504
11481973
12261515
10640948
36455503
26348450
11961005
20904097
22589798
25860517
1083614
25016098
18803418
34420878
20581304
35470748
35992625
5292955
31156200
34664745
21936886
15943547
31156142
5113644
33924081
3052538
35042288
15929310
25915620
17523604
10827400
34479261
25434437
7601618
32631108
19317095
4736692
31087591
26524122
20904324
34265930
4883547
9421015
10552046
27013148
21843327
22116336
21017051
4125457
10700202
28674117
33239589
31784487
21626526
26845517
4346063
34501845
20742597
36383697
36029770
33002623
31069387
2254491
18139826
28496275
26005128
19353888
31805558
12320705
33002402
15879572
5170425
33588763
32236288
21573910
36178795
32871423
6701477
26624753
15879274
11142544
10644072
23117688
35188668
28319899
23114890
10701143
31900406
20379193
16641164
21309217
34655853
35274251
27856783
36096864
32548918
24238313
24387734
17176928
20579761
20904206
24931095
26268812
31208154
34938773
34299596
27309237
25348621
23807061
17244774
33541530
23700292
7304068
36156658
24336592
20904649
17620280
3863665
20904592
13161720
19464064
35151402
19985215
5303013
33412185
17177080
23519606
23948026
25004974
6452143
18002803
22320215
26705401
36057872
22252208
9547753
31839610
23247526
20903266
28103324
9185841
20904156
27065133
28900693
33002517
10890235
6836675
36157703
11373326
12675919
20904180
7529425
10619003
18037052
31155843
20903286
26031039
4102452
19477836
31445202
27930342
3656559
7320764
21855963
8920136
26208816
31416498
9034707
36169359
23467446
25349790
35369185
9970128
3449617
20581055
31153788
34247010
1792621
27472960
16166731
31562257
2685420
16166720
2661422
19286302
34656078
11136254
24445653
25860737
31156932
25009159
9678462
33725922
11217695
35815864
35611933
12115338
20904368
21322428
31156887
8904214
19423428
7806593
5256886
35612482
35516560
26091753
36806453
20904194
27954066
9649864
33301923
30042730
9252228
9699615
3322205
34012902
23013129
14346303
26834344
20184221
19592948
31155816
20903427
26810153
17343538
16179550
24841555
27291370
19601785
6161511
30336596
31418610
31155832
31155729
36394006
24553685
27974799
20904686
12873710
33002608
10872621
15570329
24874106
20902934
18675203
23980730
35027740
36288522
24445268
3936178
29351561
26325450
35394173
26499399
34621354
36157562
19998760
33916206
31425262
11143077
11143085
16422926
35067261
11143074
36017112
26614307
20903426
18964317
20631892
31156339
36319039
14250331
29885579
24757550
27983222
7876732
3654204
30177119
31156945
36426165
13713940
14899728
21520076
13869704
7565198
31153744
5106141
20581050
13304837
19753877
11151160
13580398
10640149
25451763
25446948
11142175
25923896
20581336
22543110
7601499
11142181
35804898
27859176
11142183
17417872
9564605
31178199
2457899
19732515
3078404
31155696
18849361
34429074
21871596
26022310
26498520
20903071
8988995
29129077
12219972
10791851
10454296
21394735
36425670
5451433
25924384
3920340
20903260
36059824
26000417
20902929
35608447
31155895
7173656
5210202
22864692
35307159
19998583
2680423
5006049
31156119
20903281
9172690
27706799
31156578
14837120
16167652
20581103
7076105
11392834
16167667
34367885
35553176
20961618
27988012
8663163
20904225
31156889
2192170
35196228
6635718
20904117
20904015
15232480
20208154
31156187
26708093
10791934
21665775
25867629
16011687
20903052
20581162
27301563
11134797
31155415
19073034
27213163
33240879
26695603
19258840
9286119
7547487
6639982
36372517
31156510
15215272
22265682
9596713
34430206
13550268
11143284
32056279
19286212
11335331
18563580
6217649
34324257
30033169
35065314
31156303
33215475
2853092
25157226
20903290
16179484
5143892
8193804
16179508
31155876
3498675
22251440
29774213
24733170
1626038
15667039
30050150
29634937
6299214
21036698
4409955
9650458
35549769
4567681
26586870
7299297
20581092
16975568
10890960
18700765
29334193
20903119
6499360
36114256
20904587
19451074
35911149
19553721
19285721
5995658
26797868
8193607
33447396
28773556
29189504
16167323
32253799
35757260
12776387
25901386
12077709
20581413
9689762
31156178
16179628
28602416
29467195
3296780
25640416
28083184
35863614
10468824
13578403
27654714
2038178
30256433
21981481
10619221
31717209
20903167
9539539
35790647
28150094
17176854
34199861
32457869
20579733
9381735
4773885
8625702
11627124
31156883
11713761
5356589
36383240
35082998
20789060
31156507
10809258
9405704
17440633
11335877
17289389
29784104
26012898
18248595
19934163
19486539
27856647
34691566
27912647
20434119
1707352
20903206
33346026
27171772
32815923
10854386
28324016
16168190
18076569
28070631
31153494
1582000
23904207
9421441
34255117
24385521
28412870
7070728
23449189
20904369
28070403
10893193
36024534
5211092
35734092
12220243
6785797
20903127
29563830
26347633
33366401
24634376
8624023
25221509
29658123
33215334
15433387
33216138
5888145
2552310
16490812
35204251
33002566
33002353
26408978
19437715
26654072
30963820
11373575
26159176
29381879
29716826
35717108
28749199
34912283
27831415
21745634
18325540
34501652
22328317
27124845
9606627
21873890
10779181
11066455
5045106
21405425
11392306
36087910
29831230
26173584
7220022
34370476
21405597
6154286
19863623
10640573
20903277
28293855
13198130
10640559
14918676
31087565
17232198
31156191
33002444
23258724
20378623
14030783
33215618
25155176
1167860
9264023
32797845
5113496
4311750
4386543
10791993
9613495
21662430
26348727
10792003
18231553
16179874
20434196
16507460
1448266
3817298
23548754
5998618
25464903
11143220
35490374
20260804
34324430
2161222
11143217
20377617
35281199
29541576
11151407
23592729
3316775
31155635
232301
20581302
35734200
20581375
9798318
31562311
3212842
12250748
31529757
23421922
11252944
35604925
20904393
10640368
2499412
20357950
8208317
222328
16167835
19398747
6117410
24751996
21051238
20890580
11924045
20579797
29636093
20568124
26963421
9913358
9689254
26014548
19601054
6012909
34923554
6729640
3261072
5185573
29337347
30177279
31197541
4980349
21306987
10699658
7286899
36055663
25652409
2242508
23030999
36178603
22989233
31157090
32748841
31321689
2062208
14935874
26513832
13578461
6818981
4736948
26243320
4822104
22157803
27019957
21405990
33215603
30494343
6640006
19286356
8614136
10846406
34253005
25900138
32544504
23991832
4937659
31156500
10282789
31156838
6041305
14503463
14854543
36217621
6157905
4750994
556974
14910791
7701711
20904086
20692099
3167956
9650293
14161732
23017170
17255348
17452896
36089812
26627899
7269496
20370033
35340371
27718825
23931299
25792093
31156583
34891696
10638791
10048277
32087994
34985461
31156441
23691822
16348691
32177766
7569293
10890819
10048256
11039905
2853352
11214013
11237656
30959201
25388139
2853200
1592832
26418564
26291537
25388300
23410614
32751118
10791937
10791940
11142733
9714500
33279374
26167604
9667958
6985462
1756354
8153108
36264114
16179746
20211517
11142742
23669560
20904597
22221886
36761226
7671705
29659459
10617767
20904334
27080833
12722189
7120916
4682853
8772252
22730023
20581076
21513978
20377575
1524835
19200322
34856041
26587965
20581400
26293600
17960516
26322280
10249841
2149056
5873261
7204704
7328023
11041911
10776379
35764906
20902971
34291090
31156845
29616923
16977792
2712888
12064353
35043731
29486098
26008898
10772263
31156458
28429739
34690976
27360716
22004011
30863389
5933142
11140775
2775197
25862383
10640608
14355911
32137084
34784426
1580851
31156294
31889411
20367124
15412011
31155706
31155019
20833896
15877550
8628620
35969179
19542637
35485637
9540111
31155492
23747829
9068710
31156325
14903707
9678972
27253597
35017832
9951396
12232137
8250088
20904062
22600796
3386834
33624127
10070959
33962101
11141920
17035291
16166814
9668215
8260298
20323018
16166802
11141929
9019114
25929225
19463174
33414827
15897239
20903293
8261602
18621136
20903213
17918771
5199340
4806367
6014959
9650843
9129523
17468161
26219770
9691015
6025960
6680122
13914120
8605283
30199750
20904050
35790652
14271301
10849884
33010653
11347451
12244820
14271328
6692441
19479881
26618005
20815259
5589759
25446095
4568737
15438790
6117263
30672494
25447026
10027757
20904617
29948429
23870068
26332322
22047983
19124254
20581065
36057885
6501479
27160945
10777779
21820310
3076353
26913763
21943134
34867241
31733931
31087379
4276400
10417640
11481753
20581340
36446655
11143158
10706312
11143160
20307116
10774139
3471434
11143154
31481142
6005212
2150739
20903186
35567948
20380901
9305105
15016234
29227405
1582009
21447693
27486642
24615383
7915074
23981910
20904092
15438705
35958854
26822445
7580720
26921164
27709104
14786229
34261235
26699606
29405556
11142340
32451924
3545795
12261447
36251257
18005619
34026023
24725255
9962261
26182742
4379553
11140514
14586886
5229759
10791878
13464047
26483188
7283462
7718313
10791880
20903205
5051407
9704560
5204875
25850782
6557991
4245926
5217643
34809834
35240999
31153775
11019188
35003230
20622279
15929345
24583842
9679150
13046399
24073925
15101730
9112296
11972051
6575187
7150525
27150590
26218376
1437474
20904678
20903405
19202878
25404496
12273943
36259879
20794866
19485814
6852765
17218482
25111821
16490980
31156419
34811911
26494139
581185
21701320
1341089
29698236
28252069
27562081
29617787
20904013
4971555
19983847
31858511
27954293
4696407
36531340
1828869
18738928
8249465
27682014
19392462
21425673
11253197
14903088
6465444
26259313
26588532
16490762
2853134
8662998
33655429
10189688
9104215
33002489
9886253
8703193
19435516
35581557
19985850
15061053
19110375
35790646
9667576
22480837
33002699
25714947
33002698
11141776
35524644
28068896
35280914
35578412
25762104
15495512
35071229
29732423
10853164
6809420
18003294
26681550
25566370
10638405
31153719
31156637
25396255
8537006
29847054
6311195
12856644
35773342
1643298
32190482
18583474
4164806
26263144
31155370
29332397
17257463
36126202
33002563
20614656
31156796
9268117
23955940
11140795
11440428
1206401
31155509
30332612
17177008
8628520
32261299
34132709
34877755
35272722
5109871
36018402
35752295
26705991
34370916
10871232
29451566
17102529
1399836
12262346
18003388
5656393
25404912
14940996
21857942
30164669
11142044
4732106
20904041
14910247
28887407
4521534
11055611
12975947
12250909
25419009
31113422
4316737
31153532
4199428
31155294
31156125
26549967
10892479
13914696
31156306
15293407
20903151
20817399
815934
22169427
20673650
25244431
31156877
9083684
5512611
20904344
10368207
24549683
28510405
21145208
27434965
3244159
35641677
25849276
31685356
32374695
17231552
21437273
6684371
30626576
11219515
34405687
26048675
20904654
11141728
13018737
5177221
11141732
4286797
11141736
36197495
31549531
30640377
33382526
7680299
8175771
26633434
9093089
5990955
31155670
9976763
22173828
27426271
15908338
28911662
10404153
1223684
5248778
20581432
4853040
20681361
20288726
26748268
6795082
8077348
35203949
5178996
34246699
25954790
15022200
26083659
27504477
31156380
35571173
35014287
20797710
31155394
20903048
23784213
13194478
6090070
10707155
20903075
5091175
791765
26719946
14890309
12199089
29381822
35719335
15554935
4430611
27093639
11142121
11142128
36139591
31087557
6736378
9026276
10792019
12219347
24175491
31156580
20903040
33216213
10640016
32884822
7265427
31153527
10792091
19238378
31153518
10198460
10791819
7906749
10791821
34937110
6768398
4768705
14570771
10791813
23967572
23496230
16489470
33002552
8026248
14639639
20904530
2399730
17616726
20902948
859131
15439159
11235792
26694159
21440868
20900606
16167538
14862686
23400698
10980657
7075279
20904605
34274201
36524396
2838120
9781084
10206274
20903304
20904148
13579944
20904235
10536562
11217952
12971929
34324866
29313146
23784181
21394093
18824395
10699799
4150217
26719738
19437772
2725075
31156434
21021847
19076629
8623778
21001959
16708448
34902566
34555732
22277481
28869194
23806745
10703779
5997753
12231514
30011023
34745816
36035994
23977758
34726284
24446273
20907561
31155032
12610088
28011819
11143290
12874379
31155216
36391262
11142466
3078538
11143301
16275086
35194428
35755662
23819161
29454281
23692638
33192991
28493483
36033931
31155484
34243745
9645095
25915397
31156432
34222546
20581186
26479782
2020037
34387388
31156329
1571951
27843210
30193481
27164920
28069333
2566991
6809364
34977771
8076972
6795100
29332575
5177301
9015927
34690886
13649283
22395254
31782177
25687816
2295881
10572390
35825867
31153543
25086167
5848042
36278730
11055465
11684183
10291509
10724428
13051946
30778628
11355544
35395675
20903073
16179680
12219523
34621976
35386551
8425494
25620496
23398349
5858224
16179665
3041378
12679350
21475159
31153738
34948184
20904108
20137927
9892634
26408859
4556874
11815287
20581355
5654699
17996335
7731316
15856716
6187988
12332258
10496622
21885542
6851920
23591238
11919670
36060215
2560747
20581300
4125216
13162689
5008870
10619329
12932711
14288749
12558882
36124438
11521879
35193989
31156301
6664274
15368194
31087541
15132754
4933884
23591213
6795168
36373660
31188818
20904533
11731063
5923676
20012411
27175330
31129643
427011
33853218
16168229
30714883
8801140
24127710
3626312
31156810
19187224
6179790
18227035
21041655
3384744
23488527
36157487
27415086
33787970
36083205
27484022
25405269
31156446
9070689
31155414
12611020
11055898
11141857
26062289
18521452
9955403
3625867
23967602
31977240
9713100
20903320
20579736
9307052
35369469
26616131
8580865
24198818
5208783
27444818
19609617
6116997
5177588
16166145
26456866
31156270
10628870
23852142
25446184
16166163
9289196
6649732
7440264
20579756
26068652
31391928
10773048
36415030
22114529
31341400
18001961
31788915
21905142
31156588
5451230
28865396
6768285
15927254
1715093
33642248
19014915
11998146
25683949
20903354
36045095
24128130
20903408
28936202
9559652
25463130
32720855
27635450
2891090
30354235
20904660
36156432
2399020
4696642
20581383
17890202
20225362
12217100
31156935
24127897
12308697
33002547
3864619
24744889
26719982
2679804
26469128
33374163
8630196
8727155
35436911
35281444
24551069
16179801
21508247
36034949
34468613
20902954
34420891
31156131
10791717
20586150
34344764
36005251
36149728
28409331
31155385
29271601
16857426
31155395
24389140
7697111
18699896
8300166
20904437
8465510
20751303
34275984
35590997
28964840
28178511
25876473
27718784
21296199
35571731
12976153
19507658
7350134
28888685
35621613
20903233
5937788
8662846
30044742
10373349
32321764
16167725
16167770
18849297
4662798
20904151
26543959
20903323
7635980
1654450
4341226
25493367
21965987
28307076
14878513
5856167
35583184
25212812
25058025
5341795
3875986
21634467
35194737
5242839
28842755
22129442
34701296
6097476
31155769
13457412
33353590
35001261
30888930
36169187
34376229
6954732
10494887
2063551
20581443
33215583
24209053
20922873
6819849
8445219
22302577
11142379
30418882
11142372
26499358
18148671
19027024
24079358
6825979
13812573
23563197
14914342
36057876
20904123
27293660
28793709
12233773
9056809
28275706
22772004
25349953
35240124
6768753
20904609
35309363
13784031
34662621
8383276
7890513
32035164
26304157
17489457
2443868
1792094
35566549
30689928
23276491
15438660
35715631
10890876
1063632
22568371
29658091
16229441
28796807
36352336
16167384
6853590
31155447
31155815
7269514
2853175
26074963
10551594
30018178
19743387
26006081
21972773
1712875
6214495
5377390
20891507
31155624
4584210
31155469
5209057
35860423
7792274
10773705
4568120
5561909
24511133
29553347
36414614
5915965
11142034
21997968
19256291
12569818
11051069
10658851
27416625
5208126
11135907
32236419
25952581
25136483
16195082
10640523
12664320
28211504
31156505
34518466
18658640
25447923
24186508
36093115
30679002
22682411
5192463
31157063
18838700
6577088
20904038
35333475
8243850
33099484
17306691
28010543
22821369
31156288
30450295
31784248
13522194
6093047
33216152
35950812
31513157
21537835
17969318
11227335
18661279
28150194
31156156
22226614
26862467
14823527
34536204
20581298
2018546
19537146
10640955
9668032
20904510
9668133
6060780
4277455
11141934
31087544
34757217
9034263
20904646
16178751
21176332
10555927
33002637
19985520
35249672
25902448
18541299
32387462
1393318
31155570
35194130
35912221
10158744
10731548
26652144
33002484
3388331
20903269
22628915
4948144
8605260
28021043
26638009
1788713
30033656
12574857
26681712
5840102
35226942
15496261
36126876
24504158
28887572
7467793
10891106
35986782
2318071
28012395
33002471
33002585
23672869
27202754
31155227
33002530
20904638
6717398
25903505
29473043
6061667
11376450
33384148
20052746
35681063
26588096
7171896
9063572
26131280
11684516
21411176
27433395
26600211
20579741
36087811
23810745
20579777
20904216
27484104
11021128
31155352
11895033
26613648
34934356
7832924
4980311
12947954
35888695
25953173
15307603
19829857
29009065
36462854
25370903
11143174
6567984
20281099
5208575
27150879
25972529
14852620
18076587
14899649
35654547
19286375
16291021
28093060
6012766
21321778
35565721
19772822
16166406
10855118
11141678
35479680
16166424
19286448
28609058
11141693
20904572
16167873
35765030
16167897
5904996
16167921
22217327
10624481
31156425
25625963
7624920
9163563
24118182
706713
25705402
34281838
34858799
10791868
2210683
10791871
16861586
20904423
36241861
33215621
20581411
20903227
34228489
24140083
9513537
32769696
31156379
24196436
16489478
27518188
31723862
24616104
7424807
7424163
16489485
12204227
34254522
14015304
9107343
31155824
31156797
23591224
31799490
4400660
19286437
37469199
26613800
5075286
10141649
34457998
28877820
21513166
20903429
16968512
6084677
34397084
27332272
28056753
26499601
6012834
7885300
6436682
25453509
21955983
13197258
35584545
5908214
16362307
33092341
34622782
7601606
26926995
34955183
22233532
34227342
23483640
31156705
19140864
11236647
13421923
11141850
20903133
6821714
33215391
12757469
20380931
12835554
35230571
4410064
23692886
23223470
4970576
10704002
34155545
20435857
19776772
29490888
34429405
4965004
21310587
23654460
15214674
25054346
21716330
23546600
33765758
24267412
36206729
20904100
20750885
31156624
35018444
21884835
11142703
1747692
11142708
31153484
12669668
26393161
33262898
35248929
34595505
36344884
30627782
10628948
26204886
10791915
26707217
1105284
15662990
34665454
10791919
11186374
31155284
30636164
17576975
2163221
6170246
10813763
34630626
20287641
34512873
35755374
16803882
6139398
15078626
36087857
21714567
18849340
19955448
27366108
6809632
5720237
14329503
26887932
6961924
31598506
31155410
11391909
32083680
26083658
33226529
24570224
33373735
381810
26973155
10458894
31156285
35471098
14612768
10868543
10614972
26298466
9286578
25554861
5243205
8770314
16959850
7679820
24873655
13872901
33215530
2241567
25973845
9622468
34305382
25512390
34694046
24319174
35992819
14797743
31156194
35764248
10229940
20827979
14181044
16166150
15167672
6827148
31157061
18383228
2011045
23388058
29617628
20581073
26614055
3748536
5020303
11142076
11142083
33508772
9522233
33435391
33436094
27281389
5177130
26421872
21363754
18002411
22697633
22186281
5001737
10726300
22714216
30864954
35504520
2772247
26205694
11217536
9034874
14707611
20904444
35743198
20904140
26111450
36279874
25954897
27193249
10731817
21589402
10621215
35870085
3182419
2838686
13084559
33002331
24678269
35932404
29029724
33002556
25548266
17357251
10890584
13278422
35605036
31156162
11056005
2268987
20903231
11142112
11142096
2500390
28093894
31826936
11151341
19802168
5542667
31155632
25422599
26976169
20904412
17896877
31155409
10792015
13579288
16963806
13362932
26131098
31153765
33758328
6964031
2383295
35237136
10792004
2654899
508458
34588826
17177170
20579788
36313698
31156547
27484963
11143123
1836603
26812204
26623809
32568615
26048076
34813612
33070132
2142304
31156518
33286992
20579757
33427419
17682521
5374123
12478569
19286205
13888061
20581325
20904047
18471381
5207053
19436174
2810139
34234016
9734319
24361180
20662099
28745625
6816104
13579442
33922458
2930434
9389099
22716984
31155567
31825883
31675638
32084013
20903029
11142199
10640978
26529118
20904439
18849372
12064079
10890335
1973137
36055980
31087536
28378323
8920425
10791808
5420499
27606728
10791799
34264681
36377778
13734834
35338109
32944042
23907596
18005302
18513873
3969200
19286286
20904289
14136794
34776126
35786722
17343113
19918475
14540936
3956399
5901847
16941996
18123228
20903280
31719642
26905304
1828843
20904259
648216
23848853
36303737
25383883
33002614
6012645
15082106
20593843
19286454
7670195
8048149
15462809
35436631
22085818
20543986
4934640
29542980
35058204
29830669
34528861
6015667
33216317
36087722
6533368
8111774
11252424
13820335
6673524
23530362
34155548
20581138
28006170
31157158
31157100
13578194
32726307
35378860
33374981
17665499
28947604
17125190
6809394
21774959
30081679
26890710
12677839
18179608
21550595
22265747
19982744
24868783
31155480
10531283
24507654
28149955
25109520
11190234
19555878
19885354
31156593
2065224
26537530
34774102
16179543
7906976
21102984
16179544
31792887
35485633
20903226
32321233
30307140
31155619
31156702
31155866
31155773
25411910
20904636
9698861
31887659
5871444
6028988
3050395
16329884
3035004
20904382
31156422
31803110
10617221
5559110
6099029
20903398
1111237
35613172
20903004
26696997
5998741
19946592
5663036
17124064
33215383
11991967
25645437
27716515
34576991
6456529
20904330
18127797
26665823
7302664
31130428
2833429
21037636
31155457
25133251
20581108
16286672
31926616
31667101
23580474
34219152
26012602
21787921
36015469
35024167
16355046
33002404
28031590
36430069
16800952
22914756
33002371
10778596
8250183
16278262
35671665
31156778
36221524
20433960
31156933
27860593
15150365
10598747
34037160
36057881
32733227
26035388
16166780
20250608
16166758
36289788
12103218
4329442
11375893
11766557
6002416
8056834
9687588
5548592
26449950
20904009
32517667
31155392
31155191
21303335
4568987
8860361
3030811
26475355
20904120
29495341
8603532
24641896
16168395
9401799
7601556
31157078
3894665
16168391
18616475
7804484
11252321
31153837
7085998
17436123
22526086
11235388
10848177
26749698
6465674
14191962
30244786
11055749
20904164
10638245
16491039
26731746
14432487
7413769
4567706
5907962
5887808
20904386
33251410
35259556
19876978
26953577
5208755
22124142
27926648
2889537
6118477
33215343
9909983
19218944
11174600
1396697
8244615
26063404
9540203
28620895
15059457
11143070
31155430
4853407
30018289
19664001
9523212
24256367
33002642
11143067
2236468
10217126
21901089
10466979
27279824
8629307
29800801
14356752
31155872
26758096
31157176
17124409
35003311
21821426
23092410
4588808
27160128
7209996
17391299
18363051
9285886
5159732
33215574
25836577
7238980
25432337
30639935
1765996
14312128
26360209
8266218
34638152
15767303
19985118
35478444
3697918
19916593
26996441
11517618
31156331
5881936
32012994
35656902
13608130
35474512
24207576
1862086
31087595
21745595
24632001
34255453
5906571
35283354
1581992
32654329
10891439
6738531
9114950
13100975
24478594
31156363
16258940
23696558
10621588
29244961
1986108
24185527
28219052
22073629
34245569
21684643
31087545
9204125
26696874
26760649
31153802
10658462
31913640
20903214
31087575
11346977
21392328
6106857
32311027
29800661
34946978
28156854
20773812
31156221
17176729
17843995
8719223
16036762
20904305
36057868
22248618
31614242
32181922
9108427
36460235
5313453
25977327
26683710
20091427
29064689
10233724
6852616
17176479
26569011
15916538
35883121
21477212
30334745
10771697
13149824
24014809
26013422
6640035
27931359
2973132
23080180
1829944
35851338
21390690
21903823
11745640
29266340
18343159
27482742
3740276
26229966
22062485
31437007
28614987
17274223
30891984
11142423
32047438
10778690
5997937
11142439
31157180
22054974
10405882
11142433
25763367
31696606
34625385
26408513
20904503
29227832
25838454
32189402
19993699
19305207
16362457
2513427
11336039
9121918
8247418
21700137
8332992
22960044
3468470
29393556
31153560
27562889
24608710
25230351
13911381
23223200
4768915
5122793
17653561
36290263
31155754
8422241
24130368
9674442
33002617
29829978
31156853
4625875
15878978
17575809
27105256
12066052
12253869
33002539
11113009
997206
21434674
26306030
16167372
8548290
33215426
33002693
32083797
11143121
10962872
27944820
18340475
25451837
16179650
20904111
29336764
23750517
20581058
35297668
23400318
11896654
5103394
29404304
11465419
28156254
7513491
5246214
36271662
28361107
11051391
4636143
36111801
11354643
1403925
9483286
1859733
13913878
33031065
15488775
25987938
26494309
14670375
9573893
20903152
26245265
17176624
29664949
26066433
32578669
15439044
19437157
11194174
26938737
21394941
32667325
10253953
32863158
31662781
26322133
20903015
35838890
10523484
16930213
2775046
11140664
5049061
28190294
10593126
9099565
5177242
2518527
31717167
26825241
35571593
20975492
8658217
34912401
18846600
20434086
6040229
5907816
2138030
8587833
36452317
20903418
12049928
26065372
4579172
31156844
9516017
13082491
22247268
17730252
26186322
16490737
15570452
13578965
33216220
25675525
29752356
24173953
2517072
8145772
24473060
29353683
24511591
3072898
18849338
6017005
5720183
16804757
2298412
24585861
27173423
36235580
9523372
14248418
21249245
1674362
9040455
1765930
2905745
13430497
18386095
6826256
7269467
6616047
32365696
31744787
11047370
18004278
11372753
20205334
31977926
3946917
34980461
14836463
36427281
4379189
31156703
5394632
25510322
5210535
11704927
36025645
15878357
31470445
20860455
21321046
25899609
28882162
31156829
7467801
21268344
7468020
9675457
31156262
11143196
11143195
22632173
6795160
25903485
23169496
21800686
1324910
9577427
10933431
31156630
6795164
31156418
5022040
35790648
35645067
9669872
31156785
10658893
17637638
3377246
13097473
15771860
19384107
27909177
16166305
19744076
18546797
10628697
18302135
22084409
10127257
35571786
16585327
21901669
22114629
26693888
30862499
20903287
11235833
10016740
36617100
15317103
34260270
26011265
20378713
18498744
35359436
23958426
36127090
2225079
25915133
10771836
15837920
6809623
6954616
33019466
10909042
10074270
11892833
2970638
29829542
1897047
19286242
7013440
20903157
10921936
35495683
34255201
31155526
10893976
26777698
26245958
13509822
11142764
13578694
10703375
28200672
29131916
36414763
19078678
26525407
12481557
4028796
7452952
12050041
10024694
32025117
12178761
6852552
8623910
31156700
20631788
20434224
7759122
13736327
27484718
33184966
26003683
19437340
29617007
35984240
36059985
36087746
31153508
31156193
31156884
6627556
5585815
31155458
8056967
31156896
29468540
8286563
11188284
36425419
26601168
30192083
369508
9523485
35801328
9057875
7902926
35203478
6786095
32430896
20903082
4780935
20903248
16606105
10791926
20903335
13371377
19317145
10091244
11142682
28220013
11142687
10791921
27065959
8703135
32241787
31156355
5305319
5855792
10938550
5371392
35790656
8701717
35225167
18363573
31969330
8018488
26638182
33216295
17485007
20579735
32600657
10658782
33215472
5879984
10658791
34672064
25335991
20581115
36166424
6218651
22963595
2349353
22731250
29799271
12271677
24343484
26207410
11514132
2179113
31155380
11136644
19485774
20588083
5747495
35936202
7903143
4150907
4738270
20479983
3735646
35276916
15897270
24583175
10700893
9803762
19626582
31341422
10748248
18540699
36083356
19263230
13180192
18618751
19090111
31196912
36236979
36104423
5128234
36221093
2251890
21852596
31155704
19495316
10615587
5004716
36060047
22959757
34354986
31782191
6744353
19284029
23227434
28986019
25222513
31153757
12679879
31156827
11141996
17608971
16166862
20903361
8702942
9727298
31751638
28074722
9807657
11142021
22464020
4762122
11142015
9668048
16166076
27943316
31156373
11218354
31156586
34883760
25875124
31153539
12643712
8398736
18849371
20581319
10889721
26259378
10791954
26346721
30245277
35001460
24898518
11537813
5348172
19286426
34598159
20581327
27945099
32481601
18789252
6523148
31078991
31153795
20904016
19035463
15808758
11372598
19691404
22086983
6650052
25431214
34172149
35333682
30748966
6146523
26218639
4278061
27150405
36331508
24997872
19286279
15394941
